Player	Team	GP	MIN	PTS	FGM	FGA	FGP	TPM	TPA	TPP	FTM	FTA	FTP	ORB	DRB	REB	AST	STL	BLK	TOV	PF
Precious Achiuwa	TOR	55	1140.5	508	196	404	.485	29	108	.269	87	124	.702	100	228	328	50	31	30	59	102
Steven Adams	MEM	42	1133.3	361	157	263	.597	0	1	0	47	129	.364	214	271	485	97	36	46	79	98
Bam Adebayo	MIA	75	2598.2	1529	602	1114	.540	1	12	.083	324	402	.806	184	504	688	240	88	61	187	208
Ochai Agbaji	UTA	59	1209.1	467	165	386	.427	81	228	.355	56	69	.812	43	78	121	67	16	15	41	99
Santi Aldama	MEM	77	1681.1	696	247	525	.470	94	266	.353	108	144	.750	85	286	371	97	45	48	60	143
Nickeil Alexander-Walker	MIN	59	883.6	363	131	295	.444	61	159	.384	40	60	.667	15	86	101	108	32	21	55	88
Grayson Allen	MIL	72	1972.0	750	245	557	.440	146	366	.399	114	126	.905	61	176	237	163	62	14	72	117
Jarrett Allen	CLE	68	2220.1	969	403	626	.644	1	10	.100	162	221	.733	221	445	666	113	54	84	93	153
Jose Alvarado	NOP	61	1310.6	550	201	489	.411	83	247	.336	65	80	.813	28	113	141	186	67	10	81	125
Kyle Anderson	MIN	69	1956.5	647	252	495	.509	43	105	.410	100	136	.735	66	302	368	335	78	63	103	146
Giannis Antetokounmpo	MIL	63	2023.7	1959	707	1278	.553	47	171	.275	498	772	.645	137	605	742	359	52	51	246	197
Thanasis Antetokounmpo	MIL	37	206.1	51	20	46	.435	0	8	0	11	22	.500	15	29	44	15	3	3	12	22
Cole Anthony	ORL	60	1551.8	781	277	610	.454	75	206	.364	152	170	.894	47	241	288	235	37	31	91	158
OG Anunoby	TOR	67	2385.7	1124	421	885	.476	142	367	.387	140	167	.838	95	237	332	131	128	50	132	200
Ryan Arcidiacono	POR	20	172.4	26	9	37	.243	8	23	.348	0	0	0	0	15	15	23	5	0	7	17
Deni Avdija	WAS	76	2020.4	697	253	579	.437	69	232	.297	122	165	.739	74	413	487	211	65	29	123	209
Deandre Ayton	PHX	67	2035.5	1203	522	887	.589	7	24	.292	152	200	.760	172	495	667	115	37	53	120	190
Udoka Azubuike	UTA	36	358.5	125	59	72	.819	0	0	0	7	20	.350	31	88	119	11	6	15	18	34
Marvin Bagley III	DET	42	990.7	504	202	382	.529	19	66	.288	81	108	.750	94	175	269	36	19	30	46	81
Patrick Baldwin Jr.	GSW	31	226.0	122	43	109	.394	32	84	.381	4	6	.667	1	39	40	11	6	4	11	14
LaMelo Ball	CHA	36	1267.8	838	296	721	.411	144	383	.376	102	122	.836	42	189	231	304	46	11	129	118
Mohamed Bamba	LAL	49	768.4	323	117	241	.485	48	124	.387	41	62	.661	58	167	225	46	13	43	30	105
Paolo Banchero	ORL	72	2429.8	1437	479	1122	.427	85	285	.298	394	534	.738	84	413	497	269	60	39	200	160
Desmond Bane	MEM	58	1841.5	1247	450	939	.479	166	407	.408	181	205	.883	43	248	291	254	56	22	126	150
Dalano Banton	TOR	31	278.5	142	55	130	.423	15	51	.294	17	24	.708	11	34	45	36	13	13	18	34
Dominick Barlow	SAS	28	407.6	110	46	86	.535	0	4	0	18	25	.720	46	56	102	24	10	19	15	56
Harrison Barnes	SAC	82	2661.8	123	374	791	.473	132	353	.374	350	413	.847	87	279	366	128	57	10	86	103
Scottie Barnes	TOR	77	2677.9	1179	463	1016	.456	63	224	.281	190	246	.772	179	333	512	371	83	61	154	170
R.J. Barrett	NYK	73	2475.5	1431	510	1176	.434	121	390	.310	290	392	.740	60	308	368	201	31	15	164	179
Will Barton	TOR	56	993.0	379	138	364	.379	66	180	.367	37	47	.787	15	122	137	112	28	13	48	56
Charles Bassey	SAS	35	508.4	199	87	135	.644	3	8	.375	22	37	.595	75	118	193	47	16	33	41	74
Keita Bates-Diop	SAS	67	1453.2	647	236	465	.508	56	142	.394	119	150	.793	65	183	248	103	46	20	56	63
Nicolas Batum	LAC	78	1709.8	478	160	381	.420	124	317	.391	34	48	.708	62	237	299	121	54	44	50	149
Darius Bazley	PHX	43	616.1	224	83	183	.454	20	53	.377	38	70	.543	34	104	138	38	22	34	27	44
Bradley Beal	WAS	50	1673.0	116	444	878	.506	80	219	.365	192	228	.842	41	155	196	271	45	33	145	107
Malik Beasley	LAL	81	2093.0	1025	370	937	.395	235	658	.357	50	65	.769	35	248	283	124	65	9	90	107
MarJon Beauchamp	MIL	52	700.2	266	96	243	.395	47	142	.331	27	37	.730	38	77	115	35	21	7	45	71
Davis Bertans	DAL	45	491.8	206	69	160	.431	55	141	.390	13	15	.867	10	43	53	21	11	8	10	53
Patrick Beverley	CHI	67	1816.5	415	144	360	.400	80	239	.335	47	65	.723	44	203	247	194	63	41	60	187
Saddiq Bey	ATL	77	2128.6	1062	353	836	.422	151	418	.361	205	238	.861	98	264	362	118	70	13	71	123
Khem Birch	TOR	20	161.9	43	19	32	.594	1	2	.500	4	5	.800	8	17	25	7	5	5	8	24
Goga Bitadze	ORL	38	456.8	167	69	125	.552	6	26	.231	23	42	.548	61	76	137	39	16	26	22	64
Bismack Biyombo	PHX	61	873.4	263	119	206	.578	0	0	0	25	70	.357	89	171	260	56	18	88	51	114
Buddy Boeheim	DET	10	90.1	16	5	27	.185	4	25	.160	2	2	1	2	4	6	4	2	0	0	6
Bogdan Bogdanovic	ATL	54	1508.5	756	273	611	.447	146	360	.406	64	77	.831	23	142	165	150	43	18	65	86
Bojan Bogdanovic	DET	59	1892.9	1273	430	882	.488	145	353	.411	268	303	.884	36	187	223	152	34	8	135	113
Bol Bol	ORL	70	1505.4	634	261	478	.546	30	113	.265	82	108	.759	69	336	405	69	30	85	112	92
Leandro Bolmaro	UTA	14	68.5	6	3	20	.150	0	4	0	0	0	0	4	3	7	7	3	1	7	10
Devin Booker	PHX	53	1835.5	1471	527	1067	.494	111	316	.351	306	358	.855	46	194	240	293	51	18	145	159
B.J. Boston Jr.	LAC	22	248.3	143	51	122	.418	12	29	.414	29	38	.763	7	23	30	20	9	0	12	21
Chris Boucher	TOR	76	1523.4	712	261	529	.493	62	189	.328	128	168	.762	157	264	421	29	47	64	41	143
James Bouknight	CHA	34	515.5	191	69	193	.358	33	109	.303	20	30	.667	8	64	72	41	14	5	32	49
Jamaree Bouyea	WAS	5	70.6	15	6	14	.429	2	6	.333	1	2	.500	1	5	6	4	4	2	4	6
Tony Bradley	CHI	12	33.4	19	6	12	.500	3	5	.600	4	4	1	1	10	11	1	1	1	1	2
Malaki Branham	SAS	66	1549.6	673	269	611	.440	77	255	.302	58	70	.829	28	153	181	127	33	7	76	115
Jarrell Brantley	UTA	4	39.0	22	8	14	.571	4	9	.444	2	2	1	1	5	6	3	0	2	2	3
Christian Braun	DEN	76	1181.1	360	143	289	.495	34	96	.354	40	64	.625	48	133	181	59	41	17	35	101
Mikal Bridges	BRK	83	2963.7	1671	593	1267	.468	169	442	.382	316	353	.895	79	285	364	273	91	61	127	159
Oshae Brissett	IND	65	1083.1	398	123	319	.386	48	155	.310	104	145	.717	62	156	218	44	33	13	34	79
Malcolm Brogdon	BOS	67	1743.8	1	354	732	.484	132	297	.444	160	184	.870	42	238	280	248	45	18	98	109
Dillon Brooks	MEM	73	2214.3	1047	392	991	.396	143	439	.326	120	154	.779	45	199	244	189	65	16	104	240
Greg Brown III	POR	16	93.1	28	11	28	.393	1	7	.143	5	12	.417	2	17	19	3	4	5	6	13
Jaylen Brown	BOS	67	2405.0	1784	679	1383	.491	163	487	.335	263	344	.765	78	381	459	232	75	26	197	172
Bruce Brown Jr.	DEN	80	2279.6	923	358	741	.483	91	254	.358	116	153	.758	63	265	328	268	87	51	123	190
Troy Brown Jr.	LAL	76	1859.7	541	200	465	.430	107	281	.381	34	39	.872	62	246	308	95	59	16	49	120
Kendall Brown	IND	6	40.3	9	4	7	.571	0	1	0	1	2	.500	2	4	6	3	4	0	2	9
Moses Brown	BRK	36	294.2	155	61	96	.635	0	0	0	33	72	.458	57	82	139	4	4	14	15	39
Sterling Brown	LAL	4	24.4	0	0	4	0	0	2	0	0	0	0	3	5	8	2	3	0	0	4
Jalen Brunson	NYK	68	2378.5	1633	587	1195	.491	134	322	.416	325	392	.829	40	201	241	421	61	15	142	152
Thomas Bryant	DEN	59	1080.3	579	230	369	.623	26	59	.441	93	126	.738	86	253	339	31	16	30	38	102
Reggie Bullock	DAL	78	2364.4	561	192	470	.409	151	397	.380	26	37	.703	32	251	283	108	54	13	36	166
Alec Burks	DET	51	1122.4	652	200	459	.436	99	239	.414	153	188	.814	19	139	158	114	38	8	58	98
Deonte Burton	SAC	2	6.5	0	0	2	0	0	1	0	0	0	0	0	0	0	0	0	0	0	0
Jared Butler	OKC	6	76.5	37	15	32	.469	7	14	.500	0	0	0	1	3	4	8	5	0	5	5
Jimmy Butler	MIA	64	2138.5	1466	479	888	.539	36	103	.350	472	555	.850	141	234	375	340	117	21	101	80
John Butler	POR	19	221.1	45	17	53	.321	8	35	.229	3	4	.750	3	14	17	11	7	9	1	22
Jamal Cain	MIA	18	240.0	98	37	66	.561	7	20	.350	17	22	.773	15	37	52	12	11	1	6	21
Kentavious Caldwell-Pope	DEN	76	2381.2	822	292	632	.462	135	319	.423	103	125	.824	35	173	208	183	112	35	86	145
Facundo Campazzo	DAL	8	52.2	10	3	13	.231	3	11	.273	1	2	.500	0	2	2	9	6	0	3	3
Vlatko Cancar	DEN	60	889.0	297	108	227	.476	43	115	.374	38	41	.927	24	104	128	80	22	14	37	84
Clint Capela	ATL	65	1730.2	779	350	536	.653	0	1	0	79	131	.603	258	459	717	58	45	79	54	139
Vernon Carey Jr.	WAS	11	28.5	6	2	8	.250	0	0	0	2	2	1	3	8	11	3	2	2	2	5
Jevon Carter	MIL	81	1810.4	651	239	565	.423	142	337	.421	31	38	.816	35	167	202	197	66	29	78	158
Wendell Carter Jr.	ORL	57	1689.6	868	322	613	.525	80	225	.356	144	195	.738	120	377	497	132	30	33	106	159
Michael Carter-Williams	ORL	4	44.5	17	6	14	.429	1	3	.333	4	7	.571	1	4	5	7	1	1	4	5
Alex Caruso	CHI	67	1575.7	374	130	286	.455	55	151	.364	59	73	.808	42	154	196	193	98	46	77	159
Julian Champagnie	SAS	17	320.1	165	59	130	.454	33	82	.402	14	17	.824	10	50	60	10	6	5	11	26
Justin Champagnie	BOS	5	34.3	11	5	15	.333	1	5	.200	0	0	0	3	5	8	4	1	0	0	2
Kennedy Chandler	MEM	36	281.5	78	35	83	.422	2	15	.133	6	13	.462	9	29	38	58	12	5	18	15
Max Christie	LAL	41	512.4	128	44	106	.415	26	62	.419	14	16	.875	7	68	75	21	9	7	13	33
Josh Christopher	HOU	64	786.2	372	153	329	.465	21	89	.236	45	60	.750	20	51	71	73	33	15	60	59
Brandon Clarke	MEM	56	1090.1	558	229	349	.656	1	6	.167	99	137	.723	92	218	310	72	34	37	55	131
Jordan Clarkson	UTA	61	1988.3	1271	458	1031	.444	155	459	.338	200	245	.816	72	174	246	270	33	13	186	120
Nicolas Claxton	BRK	76	2270.6	961	414	587	.705	0	2	0	133	246	.541	184	518	702	144	65	189	96	212
Amir Coffey	LAC	50	625.2	172	56	145	.386	11	40	.275	49	63	.778	17	36	53	53	7	5	21	50
John Collins	ATL	71	2129.7	931	359	707	.508	70	240	.292	143	178	.803	77	385	462	85	42	73	79	220
Zach Collins	SAS	63	1440.7	731	284	548	.518	55	147	.374	108	142	.761	116	286	402	180	37	49	129	199
Chance Comanche	POR	1	20.8	7	3	5	.600	0	0	0	1	4	.250	2	1	3	0	0	1	0	0
Mike Conley	MIN	67	2028.3	798	261	610	.428	135	351	.385	141	169	.834	33	149	182	450	73	14	103	139
Pat Connaughton	MIL	61	1443.3	466	165	421	.392	109	322	.339	27	41	.659	50	233	283	77	37	11	33	69
Xavier Cooks	WAS	10	125.8	38	17	28	.607	0	1	0	4	10	.400	16	22	38	6	6	4	8	13
Robert Covington	LAC	48	778.6	288	102	229	.445	54	136	.397	30	40	.750	31	135	166	57	38	33	32	86
Torrey Craig	PHX	79	1947.8	588	228	500	.456	100	253	.395	32	45	.711	145	281	426	117	50	62	73	179
Jae Crowder	MIL	18	339.5	124	45	94	.479	24	55	.436	10	12	.833	17	52	69	27	12	6	7	27
Jarrett Culver	ATL	10	136.9	44	17	43	.395	1	12	.083	9	13	.692	10	28	38	6	6	2	7	14
Cade Cunningham	DET	12	400.2	239	93	224	.415	17	61	.279	36	43	.837	12	62	74	72	10	7	39	34
Seth Curry	BRK	61	1210.9	561	208	449	.463	94	232	.405	51	55	.927	13	87	100	99	36	7	51	96
Stephen Curry	GSW	56	1941.5	1648	559	1133	.493	273	639	.427	257	281	.915	39	302	341	352	52	20	179	117
Dyson Daniels	NOP	59	1042.0	227	87	208	.418	27	86	.314	26	40	.650	36	152	188	134	43	11	57	99
Anthony Davis	LAL	56	1904.6	1451	542	962	.563	19	74	.257	348	444	.784	195	507	702	148	59	114	122	146
Johnny Davis	WAS	28	422.6	163	66	171	.386	17	70	.243	14	27	.519	10	55	65	28	10	8	17	48
Terence Davis	SAC	64	840.9	431	154	364	.423	89	243	.366	34	43	.791	20	119	139	67	43	12	53	104
J.D. Davison	BOS	12	65.7	19	8	19	.421	2	7	.286	1	2	.500	2	7	9	11	2	2	4	5
Darius Days	HOU	4	25.0	15	5	12	.417	3	10	.300	2	2	1	1	5	6	1	0	1	0	2
Dewayne Dedmon	PHI	38	426.2	199	77	151	.510	12	39	.308	33	49	.673	34	100	134	26	9	19	25	75
Matt Dellavedova	SAC	32	212.8	47	17	50	.340	9	27	.333	4	7	.571	1	12	13	41	7	0	10	20
DeMar DeRozan	CHI	74	2681.2	1816	657	1303	.504	46	142	.324	456	523	.872	34	309	343	377	83	36	153	186
Moussa Diabate	LAC	22	195.5	59	24	47	.511	1	2	.500	10	16	.625	31	19	50	4	7	8	9	15
Mamadi Diakite	CLE	22	175.9	57	24	50	.480	7	21	.333	2	2	1	8	22	30	8	4	9	12	26
Hamidou Diallo	DET	56	995.9	522	215	375	.573	5	21	.238	87	148	.588	57	137	194	55	53	16	71	124
Gorgui Dieng	SAS	31	358.1	121	45	117	.385	21	75	.280	10	13	.769	27	80	107	53	4	14	32	57
Ousmane Dieng	OKC	39	568.8	193	76	181	.420	26	98	.265	15	23	.652	19	86	105	46	14	7	26	42
Spencer Dinwiddie	BRK	79	2725.2	1369	460	105	.438	181	490	.369	268	330	.812	28	242	270	515	67	24	145	187
Donte DiVincenzo	GSW	72	1893.7	678	235	540	.435	150	378	.397	58	71	.817	80	245	325	252	97	10	112	133
Luka Doncic	DAL	66	2390.6	2138	719	1449	.496	185	541	.342	515	694	.742	54	515	569	529	90	33	236	166
Tyler Dorsey	DAL	3	8.3	9	4	5	.800	1	2	.500	0	0	0	1	1	2	0	0	0	0	0
Luguentz Dort	OKC	74	2272.2	1013	339	873	.388	135	409	.330	200	259	.772	128	216	344	154	75	23	92	243
Ayo Dosunmu	CHI	80	2097.6	687	281	570	.493	59	189	.312	66	82	.805	45	175	220	206	62	26	99	182
Devon Dotson	WAS	6	53.1	3	1	10	.100	1	4	.250	0	0	0	6	4	10	8	5	0	3	9
Jeff Dowtin	TOR	25	258.7	61	25	57	.439	5	16	.313	6	9	.667	6	17	23	31	9	3	5	13
P.J. Dozier	SAC	16	79.3	22	10	33	.303	2	16	.125	0	0	0	1	13	14	10	6	1	5	7
Goran Dragic	MIL	58	870.1	365	141	335	.421	52	145	.359	31	45	.689	16	65	81	151	13	4	63	65
Andre Drummond	CHI	67	849.6	399	166	274	.606	0	3	0	67	125	.536	138	306	444	33	45	27	75	117
Chris Duarte	IND	46	897.2	362	123	333	.369	55	174	.316	61	72	.847	19	96	115	64	25	9	41	65
David Duke	BRK	23	228.0	85	36	78	.462	1	12	.083	12	17	.706	11	18	29	21	10	1	18	31
Kris Dunn	UTA	22	567.5	290	116	216	.537	17	36	.472	41	53	.774	9	91	100	124	25	10	35	58
Kevin Durant	PHX	47	1671.7	1366	483	862	.560	93	230	.404	307	334	.919	17	296	313	235	34	67	156	99
Jalen Duren	DET	67	1670.2	612	258	398	.648	0	2	0	96	157	.611	229	366	595	75	44	59	92	182
Tari Eason	HOU	82	1767.2	760	296	660	.448	59	172	.343	109	145	.752	195	301	496	88	96	47	101	189
Anthony Edwards	MIN	79	2841.3	1946	707	1541	.459	213	578	.369	319	422	.756	47	411	458	350	125	58	259	186
Kessler Edwards	SAC	36	386.0	100	36	93	.387	17	55	.309	11	15	.733	23	38	61	23	14	6	13	40
Keon Ellis	SAC	16	70.8	24	7	16	.438	6	12	.500	4	7	.571	4	4	8	6	5	1	1	10
Joel Embiid	PHI	66	2284.3	2183	728	1328	.548	66	200	.330	661	771	.857	113	557	670	274	66	112	226	205
Drew Eubanks	POR	78	1583.7	518	214	334	.641	7	18	.389	83	125	.664	132	286	418	103	40	102	67	169
Bruno Fernando	ATL	39	405.1	153	59	112	.527	0	4	0	35	50	.700	54	83	137	31	6	34	25	74
Dorian Finney-Smith	BRK	66	2008.8	551	196	501	.391	114	338	.337	45	59	.763	114	202	316	100	55	36	62	144
Malachi Flynn	TOR	53	690.8	246	87	242	.360	47	133	.353	25	33	.758	15	61	76	70	21	4	25	65
Simone Fontecchio	UTA	52	765.7	328	115	312	.369	63	191	.330	35	44	.795	31	55	86	42	15	8	39	62
Bryn Forbes	MIN	25	267.7	89	30	83	.361	14	46	.304	15	15	1	4	11	15	17	7	2	12	22
Trent Forrest	ATL	23	277.0	52	25	60	.417	0	2	0	2	3	.667	5	32	37	38	7	2	15	17
Michael Foster Jr.	PHI	1	1.0	0	0	0	0	0	0	0	0	0	0	0	0	0	0	0	0	0	0
Evan Fournier	NYK	27	458.7	165	56	166	.337	35	114	.307	18	21	.857	4	45	49	36	16	3	22	46
DeAaron Fox	SAC	73	2435.4	1826	682	1331	.512	119	367	.324	343	440	.780	40	266	306	447	83	23	181	172
Markelle Fultz	ORL	60	1778.0	837	349	679	.514	27	87	.310	112	143	.783	69	165	234	341	87	26	139	131
Wenyen Gabriel	LAL	68	1024.1	372	155	260	.596	10	36	.278	52	84	.619	116	170	286	36	26	35	46	144
Daniel Gafford	WAS	78	1604.2	705	289	395	.732	0	0	0	127	187	.679	163	270	433	84	33	99	85	187
Darius Garland	CLE	69	2447.8	149	522	1129	.462	169	412	.410	277	321	.863	28	157	185	538	85	9	199	148
Usman Garuba	HOU	75	969.8	225	86	177	.486	24	59	.407	29	47	.617	120	187	307	64	44	29	47	135
Luka Garza	MIN	28	243.4	181	63	116	.543	14	39	.359	41	52	.788	33	30	63	18	3	2	14	43
Rudy Gay	UTA	56	815.6	293	109	287	.380	33	130	.254	42	49	.857	33	130	163	57	19	18	37	68
Paul George	LAC	56	1939.5	1332	459	1004	.457	158	426	.371	256	294	.871	45	297	342	288	83	20	176	159
Taj Gibson	WAS	49	480.5	168	65	125	.520	8	24	.333	30	42	.714	32	61	93	34	15	12	26	84
Josh Giddey	OKC	76	2367.2	126	539	1118	.482	76	234	.325	106	145	.731	148	451	599	469	57	31	211	143
Shai Gilgeous-Alexander	OKC	68	2416.1	2135	704	1381	.510	58	168	.345	669	739	.905	59	270	329	371	112	65	192	192
Anthony Gill	WAS	59	624.5	195	71	132	.538	4	29	.138	49	67	.731	37	62	99	34	7	12	15	70
Jacob Gilyard	MEM	1	40.8	3	1	3	.333	1	3	.333	0	0	0	0	4	4	7	3	0	2	3
Rudy Gobert	MIN	70	2148.5	939	360	546	.659	0	3	0	219	340	.644	231	583	814	87	56	95	122	210
Jordan Goodwin	WAS	62	1105.6	407	158	353	.448	38	118	.322	53	69	.768	57	148	205	168	58	26	57	95
Aaron Gordon	DEN	68	2055.1	1109	429	761	.564	60	173	.347	191	314	.608	164	282	446	203	54	51	98	129
Eric Gordon	LAC	69	1964.6	856	291	653	.446	132	356	.371	142	173	.821	16	118	134	183	43	25	104	78
Devonte Graham	SAS	73	1338.4	539	161	431	.374	119	338	.352	98	131	.748	19	103	122	196	45	16	53	79
Jerami Grant	POR	63	2245.6	129	434	913	.475	144	359	.401	278	342	.813	53	230	283	150	51	53	116	152
Raiquan Gray	BRK	1	35.1	16	6	12	.500	2	5	.400	2	2	1	3	6	9	7	0	1	4	5
A.J. Green	MIL	35	345.9	154	53	125	.424	44	105	.419	4	4	1	6	39	45	22	6	0	9	31
Danny Green	CLE	11	138.7	61	22	49	.449	16	37	.432	1	1	1	3	11	14	6	6	3	10	16
Draymond Green	GSW	73	2297.5	617	250	474	.527	40	131	.305	77	108	.713	66	459	525	500	74	60	204	229
Jalen Green	HOU	76	2602.3	1683	566	1359	.416	187	554	.338	364	463	.786	43	241	284	281	59	18	200	131
JaMychal Green	GSW	57	797.3	366	136	252	.540	42	111	.378	52	67	.776	72	133	205	51	25	23	52	105
Javonte Green	CHI	32	480.1	165	61	108	.565	13	35	.371	30	45	.667	27	61	88	23	24	21	20	52
Jeff Green	DEN	56	1091.1	437	160	328	.488	30	104	.288	87	117	.744	38	106	144	69	18	17	46	99
Josh Green	DAL	60	1539.2	546	205	382	.537	68	169	.402	68	94	.723	55	127	182	103	42	5	72	156
Blake Griffin	BOS	41	568.8	170	63	130	.485	23	66	.348	21	32	.656	47	108	155	61	14	9	22	75
A.J. Griffin Jr.	ATL	72	1401.3	639	248	533	.465	101	259	.390	42	47	.894	37	116	153	73	42	12	42	87
Quentin Grimes	NYK	71	2120.9	799	282	602	.468	157	407	.386	78	98	.796	49	180	229	150	47	26	69	177
Rui Hachimura	LAL	63	1466.1	707	284	584	.486	51	160	.319	88	119	.739	53	230	283	58	19	26	53	72
Tyrese Haliburton	IND	56	1883.0	116	412	841	.490	161	402	.400	175	201	.871	33	172	205	585	91	25	141	69
Jordan Hall	SAS	9	82.2	28	9	28	.321	3	15	.200	7	9	.778	3	9	12	11	1	0	7	6
R.J. Hampton	DET	47	749.6	302	102	237	.430	41	116	.353	57	76	.750	18	69	87	54	27	9	42	51
Tim Hardaway Jr.	DAL	71	2152.3	1019	340	847	.401	212	550	.385	127	165	.770	21	230	251	129	49	12	60	120
James Harden	PHI	58	2135.1	1216	371	842	.441	161	418	.385	313	361	.867	40	314	354	618	71	31	195	112
Jaden Hardy	DAL	48	708.4	420	146	333	.438	63	156	.404	65	79	.823	11	78	89	65	17	7	46	64
Ron Harper	TOR	9	47.5	20	8	16	.500	3	9	.333	1	1	1	3	4	7	4	0	1	0	3
Montrezl Harrell	PHI	57	681.0	320	125	209	.598	0	6	0	70	101	.693	67	92	159	33	17	25	35	75
Gary Harris	ORL	48	1183.8	397	138	307	.450	94	218	.431	27	30	.900	21	77	98	59	45	12	28	93
Joe Harris	BRK	74	1526.7	562	201	440	.457	142	333	.426	18	28	.643	23	141	164	101	34	13	41	140
Kevon Harris	ORL	34	457.0	141	47	107	.439	16	43	.372	31	41	.756	28	42	70	16	17	5	21	53
Tobias Harris	PHI	74	2435.9	1085	423	845	.501	126	324	.389	113	129	.876	67	357	424	186	68	40	89	149
Shaquille Harrison	LAL	5	119.9	44	15	36	.417	3	10	.300	11	15	.733	1	21	22	30	11	2	6	12
Josh Hart	NYK	76	2454.1	743	275	520	.529	61	164	.372	132	176	.750	142	451	593	290	88	21	117	195
Isaiah Hartenstein	NYK	82	1626.0	406	175	327	.535	8	37	.216	48	71	.676	209	327	536	102	53	64	66	213
Udonis Haslem	MIA	7	70.4	27	10	29	.345	3	9	.333	4	5	.800	4	7	11	0	1	2	1	11
Sam Hauser	BOS	80	1290.1	512	180	396	.455	140	335	.418	12	17	.706	35	169	204	71	29	21	30	99
Jaxson Hayes	NOP	47	610.0	233	86	156	.551	3	29	.103	58	83	.699	39	93	132	34	20	19	31	67
Killian Hayes	DET	76	2153.6	786	307	815	.377	80	286	.280	92	112	.821	28	193	221	470	104	28	173	219
Gordon Hayward	CHA	50	1576.9	733	276	581	.475	52	160	.325	129	159	.811	33	182	215	206	42	12	99	70
Juancho Hernangomez	TOR	42	613.5	122	48	114	.421	17	67	.254	9	16	.563	27	96	123	25	16	6	15	43
Willy Hernangomez	NOP	38	457.7	262	89	169	.527	3	11	.273	81	104	.779	58	122	180	33	17	13	39	64
Tyler Herro	MIA	67	2336.2	1347	487	1109	.439	203	537	.378	170	182	.934	27	333	360	280	51	16	158	101
Buddy Hield	IND	80	2482.0	1344	475	1038	.458	288	677	.425	106	129	.822	67	333	400	225	92	26	139	156
Haywood Highsmith	MIA	54	969.3	236	93	216	.431	37	109	.339	13	28	.464	57	131	188	43	36	17	45	82
George Hill	IND	46	834.5	232	78	166	.470	34	95	.358	42	55	.764	15	70	85	110	26	6	34	55
Malcolm Hill	CHI	5	9.1	5	2	4	.500	1	3	.333	0	0	0	0	3	3	0	0	0	0	1
Aaron Holiday	ATL	63	845.2	247	92	220	.418	36	88	.409	27	32	.844	25	49	74	89	37	12	36	79
Jrue Holiday	MIL	67	2182.6	129	490	1023	.479	158	411	.384	152	177	.859	79	262	341	495	79	25	197	116
Justin Holiday	DAL	46	706.1	205	77	204	.377	46	143	.322	5	8	.625	5	50	55	41	19	19	22	68
Richaun Holmes	SAC	42	347.6	130	55	89	.618	5	8	.625	15	19	.789	29	51	80	9	3	11	14	50
Al Horford	BOS	63	1922.1	616	228	479	.476	145	325	.446	15	21	.714	73	317	390	189	30	61	37	121
Talen Horton-Tucker	UTA	65	1313.2	698	257	613	.419	58	203	.286	126	168	.750	41	169	210	246	41	29	126	108
Danuel House	PHI	56	806.9	268	93	197	.472	37	110	.336	45	60	.750	9	85	94	44	14	9	26	69
Caleb Houstan	ORL	51	812.2	193	66	182	.363	46	136	.338	15	18	.833	34	65	99	30	12	7	18	63
Trevor Hudgins	HOU	5	28.3	9	2	9	.222	2	8	.250	3	3	1	0	0	0	3	0	0	1	1
Kevin Huerter	SAC	75	2202.7	114	420	866	.485	205	510	.402	95	131	.725	42	209	251	221	80	24	97	181
James Huff	WAS	7	94.9	51	15	25	.600	6	12	.500	15	16	.938	6	15	21	10	3	4	5	15
DeAndre Hunter	ATL	67	2125.7	1029	379	822	.461	100	286	.350	171	207	.826	46	238	284	94	35	17	82	199
Bones Hyland	LAC	56	1085.5	659	228	571	.399	117	315	.371	86	102	.843	20	115	135	172	39	15	82	96
Serge Ibaka	MIL	16	185.4	66	26	54	.481	6	18	.333	8	13	.615	15	29	44	4	2	7	11	23
Andre Iguodala	GSW	8	112.6	17	7	15	.467	1	9	.111	2	3	.667	3	14	17	19	4	3	9	11
Joe Ingles	MIL	46	1043.6	317	108	248	.435	83	203	.409	18	21	.857	13	115	128	150	33	6	55	74
Brandon Ingram	NOP	45	1538.2	1112	404	835	.484	64	164	.390	240	272	.882	23	223	246	262	32	19	148	116
Kyrie Irving	DAL	60	2240.6	1623	594	1203	.494	188	496	.379	247	273	.905	59	245	304	331	66	45	128	165
Jonathan Isaac	ORL	11	124.0	55	22	53	.415	6	15	.400	5	9	.556	15	29	44	6	14	4	4	5
Jaden Ivey	DET	74	2304.4	1204	409	983	.416	120	350	.343	266	356	.747	73	215	288	387	61	17	237	242
Frank Jackson	UTA	1	5.1	0	0	3	0	0	1	0	0	0	0	1	1	2	1	0	0	0	0
Isaiah Jackson	IND	63	1042.3	455	179	318	.563	2	14	.143	95	146	.651	113	169	282	51	31	93	51	154
Jaren Jackson Jr.	MEM	63	1788.2	1173	416	822	.506	100	282	.355	241	306	.788	108	318	426	60	65	189	107	227
Justin Jackson	BOS	23	107.4	20	7	27	.259	5	20	.250	1	2	.500	2	15	17	9	4	4	2	7
Quenton Jackson	WAS	9	134.6	56	19	42	.452	1	12	.083	17	22	.773	2	6	8	15	4	1	4	10
Reggie Jackson	DEN	68	1656.9	693	263	640	.411	96	288	.333	71	78	.910	25	119	144	233	47	6	115	114
LeBron James	LAL	55	1954.2	159	609	1219	.500	121	377	.321	251	327	.768	65	392	457	375	50	32	178	88
Ty Jerome	GSW	45	815.6	309	118	242	.488	35	90	.389	38	41	.927	7	71	78	135	23	5	30	64
Isaiah Joe	OKC	73	1395.3	691	224	508	.441	161	394	.409	82	100	.820	27	148	175	88	48	8	39	105
Alize Johnson	SAS	4	29.5	7	3	6	.500	0	2	0	1	2	.500	2	8	10	1	1	0	4	3
Cameron Johnson	BRK	42	1199.8	650	223	474	.470	103	255	.404	101	120	.842	34	151	185	78	50	14	37	83
Jalen Johnson	ATL	70	1041.5	395	158	322	.491	30	104	.288	49	78	.628	51	231	282	83	38	34	41	113
James Johnson	IND	18	162.4	51	22	49	.449	3	15	.200	4	8	.500	4	26	30	15	7	6	8	32
Keldon Johnson	SAS	63	2063.0	1385	503	1113	.452	134	407	.329	245	327	.749	56	262	318	183	46	11	134	125
Keon Johnson	POR	40	416.3	189	67	178	.376	28	81	.346	27	41	.659	11	33	44	59	19	6	43	43
Stanley Johnson	SAS	30	469.3	174	65	122	.533	18	40	.450	26	39	.667	22	73	95	67	16	6	33	48
Nikola Jokic	DEN	69	2324.0	169	646	1022	.632	57	149	.383	341	415	.822	167	650	817	678	87	47	247	174
Carlik Jones	CHI	7	56.0	20	6	15	.400	3	6	.500	5	8	.625	1	4	5	6	2	0	2	2
Damian Jones	UTA	41	477.3	142	55	86	.640	10	17	.588	22	29	.759	42	80	122	15	8	21	23	55
Derrick Jones	CHI	64	893.9	319	115	230	.500	27	80	.338	62	84	.738	60	93	153	34	29	37	25	86
Herb Jones	NOP	66	1950.1	649	235	501	.469	56	167	.335	123	161	.764	97	172	269	162	103	42	88	208
Kai Jones	CHA	46	549.6	157	67	120	.558	4	19	.211	19	26	.731	37	86	123	15	17	30	31	65
Tre Jones	SAS	68	1982.8	875	341	743	.459	45	158	.285	148	172	.860	56	189	245	448	89	9	110	98
Tyus Jones	MEM	80	1939.5	823	311	710	.438	121	326	.371	80	100	.800	28	172	200	417	83	6	74	32
DeAndre Jordan	DEN	39	585.9	199	88	115	.765	1	1	1	22	48	.458	52	150	202	34	12	23	48	71
Cory Joseph	DET	62	1227.4	427	150	351	.427	70	180	.389	57	72	.792	21	85	106	217	34	9	56	88
Nikola Jovic	MIA	15	204.4	82	28	69	.406	8	35	.229	18	19	.947	9	22	31	10	7	2	10	19
Johnny Juzang	UTA	18	232.3	87	35	104	.337	15	63	.238	2	4	.500	8	31	39	8	4	3	3	13
Mfiondu Kabengele	BOS	4	36.4	6	2	7	.286	0	3	0	2	2	1	5	5	10	0	2	0	1	3
Frank Kaminsky	HOU	36	234.9	89	31	63	.492	13	33	.394	14	16	.875	7	45	52	32	6	4	9	22
Trevor Keels	NYK	3	8.0	3	1	4	.250	1	4	.250	0	0	0	0	2	2	0	0	0	0	0
Luke Kennard	MEM	59	1315.2	546	188	382	.492	133	269	.494	37	39	.949	15	143	158	91	32	5	46	82
Walker Kessler	UTA	74	1703.4	679	298	414	.720	1	3	.333	82	159	.516	231	389	620	69	26	173	58	169
Braxton Key	DET	3	9.1	4	1	1	1	0	0	0	2	2	1	0	1	1	0	0	0	0	0
Louis King	PHI	1	28.8	20	8	13	.615	4	8	.500	0	1	0	2	2	4	2	1	0	2	4
Corey Kispert	WAS	74	2093.3	820	291	585	.497	163	384	.424	75	88	.852	33	174	207	87	32	9	55	97
Maxi Kleber	DAL	37	929.8	220	77	169	.456	39	112	.348	27	38	.711	30	105	135	52	12	30	27	85
Nathan Knight	MIN	38	290.8	139	46	81	.568	8	22	.364	39	57	.684	22	34	56	13	10	6	21	41
Kevin Knox	POR	63	951.7	415	152	332	.458	65	186	.349	46	60	.767	34	143	177	33	24	12	50	95
Christian Koloko	TOR	58	801.9	182	72	150	.480	1	12	.083	37	59	.627	84	87	171	31	21	57	20	128
John Konchar	MEM	72	1493.7	364	138	320	.431	60	177	.339	28	36	.778	64	246	310	100	77	25	37	112
Furkan Korkmaz	PHI	37	353.5	140	48	111	.432	18	46	.391	26	36	.722	6	36	42	22	10	3	24	18
Luke Kornet	BOS	69	804.2	261	113	170	.665	3	13	.231	32	39	.821	86	111	197	53	11	46	25	81
Vit Krejci	ATL	29	165.4	36	15	37	.405	5	21	.238	1	2	.500	6	20	26	17	5	1	5	17
Jonathan Kuminga	GSW	67	1394.3	666	261	497	.525	54	146	.370	90	138	.652	70	161	231	125	41	31	95	157
Kyle Kuzma	WAS	64	2238.8	1357	512	1142	.448	160	481	.333	173	237	.730	55	408	463	239	36	29	190	145
Anthony Lamb	GSW	62	1195.0	415	148	314	.471	73	199	.367	46	60	.767	56	159	215	96	28	20	54	134
Jock Landale	PHX	69	978.6	456	178	337	.528	21	84	.250	79	105	.752	119	161	280	68	16	30	59	126
Romeo Langford	SAS	43	844.3	297	121	259	.467	16	61	.262	39	56	.696	57	57	114	50	24	13	30	67
Jake LaRavia	MEM	35	414.3	105	37	95	.389	24	71	.338	7	9	.778	19	44	63	21	12	4	18	49
Zach LaVine	CHI	77	2768.5	1913	673	1388	.485	204	544	.375	363	428	.848	42	303	345	327	69	18	194	159
A.J. Lawson	DAL	15	108.2	56	22	44	.500	10	25	.400	2	8	.250	6	15	21	2	2	0	3	11
Damion Lee	PHX	74	1506.1	604	200	452	.442	110	247	.445	94	104	.904	39	186	225	99	30	7	78	118
Saben Lee	PHX	25	373.5	151	49	121	.405	11	30	.367	42	57	.737	13	32	45	67	19	1	24	32
Alex Len	SAC	26	161.2	43	16	30	.533	0	2	0	11	16	.688	24	36	60	12	4	11	16	28
Kawhi Leonard	LAC	52	1747.3	1239	446	871	.512	104	250	.416	243	279	.871	57	281	338	204	72	28	88	84
Meyers Leonard	MIL	9	113.8	43	14	29	.483	7	18	.389	8	9	.889	12	22	34	1	2	0	6	16
Caris LeVert	CLE	74	2237.2	897	320	742	.431	127	324	.392	130	180	.722	53	229	282	287	72	24	116	170
Kira Lewis Jr.	NOP	25	234.8	114	40	88	.455	15	34	.441	19	22	.864	5	28	33	23	10	2	10	24
Damian Lillard	POR	58	2106.6	1866	556	1202	.463	244	658	.371	510	558	.914	44	233	277	425	50	18	191	109
Nassir Little	POR	54	976.0	359	134	303	.442	58	158	.367	33	46	.717	27	114	141	50	20	20	36	66
Isaiah Livers	DET	52	1198.5	346	120	288	.417	74	203	.365	32	39	.821	28	115	143	41	28	28	30	103
Kenny Lofton Jr.	MEM	24	175.9	120	49	93	.527	6	17	.353	16	27	.593	19	32	51	20	5	2	12	28
Kevon Looney	GSW	82	1957.3	578	242	384	.630	0	1	0	94	155	.606	274	486	760	207	52	50	45	225
Brook Lopez	MIL	78	2372.5	1239	477	899	.531	136	364	.374	149	190	.784	157	363	520	99	37	193	107	203
Robin Lopez	CLE	37	298.6	112	48	75	.640	2	4	.500	14	18	.778	23	28	51	19	2	8	25	43
Kevin Love	MIA	62	1239.6	509	165	424	.389	99	296	.334	80	91	.879	59	340	399	116	16	12	70	97
Kyle Lowry	MIA	55	1717.7	615	196	485	.404	107	310	.345	116	135	.859	43	182	225	281	57	21	103	143
Trey Lyles	SAC	74	1247.2	562	187	408	.458	87	240	.363	101	124	.815	68	232	300	66	27	31	64	97
Theo Maledon	CHA	44	853.6	295	102	254	.402	28	95	.295	63	74	.851	14	109	123	152	37	12	59	61
Sandro Mamukelashvili	SAS	43	660.8	263	97	230	.422	30	99	.303	39	57	.684	70	115	185	62	14	12	35	52
Terance Mann	LAC	81	1871.9	713	272	524	.519	77	198	.389	92	118	.780	77	199	276	184	42	22	80	149
Tre Mann	OKC	67	1183.4	517	197	501	.393	81	257	.315	42	55	.764	27	128	155	120	40	11	62	99
Boban Marjanovic	HOU	31	171.1	102	41	60	.683	0	1	0	20	27	.741	20	40	60	9	5	2	14	10
Lauri Markkanen	UTA	66	2272.6	1691	571	1145	.499	200	511	.391	349	399	.875	130	440	570	123	42	38	127	137
Naji Marshall	NOP	77	1792.0	698	247	571	.433	66	218	.303	138	175	.789	48	231	279	189	54	14	97	113
Caleb Martin	MIA	71	2077.5	683	254	548	.464	84	236	.356	91	113	.805	88	256	344	117	71	31	78	145
Cody Martin	CHA	7	133.7	35	14	36	.389	3	14	.214	4	7	.571	8	16	24	11	4	1	2	13
K.J. Martin	HOU	82	2292.1	1039	410	720	.569	68	216	.315	151	222	.680	126	326	452	123	41	30	91	147
Tyrese Martin	ATL	16	65.5	21	9	23	.391	1	7	.143	2	2	1	5	7	12	2	1	0	2	2
Garrison Mathews	ATL	54	686.3	257	73	201	.363	63	180	.350	48	53	.906	11	62	73	26	24	5	19	62
Bennedict Mathurin	IND	78	2222.6	1302	413	951	.434	100	310	.323	376	454	.828	87	231	318	116	48	13	152	162
Wesley Matthews	MIL	52	819.6	179	58	160	.363	39	124	.315	24	28	.857	34	79	113	34	20	13	18	71
Tyrese Maxey	PHI	60	2016.7	1218	439	913	.481	160	369	.434	180	213	.845	23	153	176	212	49	8	80	132
Skylar Mays	POR	6	188.8	92	34	68	.500	12	26	.462	12	13	.923	2	17	19	50	6	1	10	11
Miles McBride	NYK	64	760.0	222	77	215	.358	40	134	.299	28	42	.667	13	37	50	72	37	8	25	60
Mac McClung	PHI	2	41.1	25	9	20	.450	4	11	.364	3	5	.600	3	7	10	9	0	0	3	3
C.J. McCollum	NOP	75	2648.9	1568	587	1344	.437	211	543	.389	183	238	.769	55	273	328	429	70	38	183	153
T.J. McConnell	IND	75	1526.3	650	283	521	.543	26	59	.441	58	68	.853	45	189	234	397	81	10	143	105
Jaden McDaniels	MIN	79	2416.5	953	370	716	.517	107	269	.398	106	144	.736	92	215	307	148	74	76	112	272
Jalen McDaniels	PHI	80	1913.1	755	281	617	.455	77	232	.332	116	138	.841	63	283	346	130	83	34	93	209
Doug McDermott	SAS	64	1314.1	654	239	523	.457	123	298	.413	53	70	.757	24	115	139	91	13	6	58	118
JaVale McGee	DAL	42	354.6	186	80	125	.640	2	5	.400	24	41	.585	30	77	107	11	4	26	36	54
Bryce McGowens	CHA	46	787.0	246	80	202	.396	26	80	.325	60	80	.750	20	73	93	54	15	6	43	48
Rodney McGruder	DET	32	523.9	183	62	152	.408	41	97	.423	18	22	.818	20	54	74	28	16	1	11	39
Jordan McLaughlin	MIN	43	678.5	161	61	145	.421	24	78	.308	15	18	.833	15	47	62	148	32	4	33	28
DeAnthony Melton	PHI	77	2148.9	780	277	651	.425	157	403	.390	69	87	.793	69	243	312	197	126	41	102	191
Sam Merrill	CLE	5	58.5	25	9	22	.409	5	18	.278	2	2	1	0	9	9	5	4	0	0	3
Chimezie Metu	SAC	66	689.0	321	129	219	.589	9	38	.237	54	73	.740	47	151	198	40	22	21	32	81
Khris Middleton	MIL	33	800.8	497	177	406	.436	51	162	.315	92	102	.902	28	112	140	163	23	5	71	68
Patty Mills	BRK	40	566.5	246	86	209	.411	49	134	.366	25	30	.833	8	36	44	56	15	3	30	32
Shake Milton	PHI	76	1567.3	637	241	503	.479	56	148	.378	99	116	.853	39	152	191	240	25	13	94	123
Justin Minaya	POR	4	88.9	17	7	23	.304	3	12	.250	0	1	0	3	12	15	4	2	5	4	9
Josh Minott	MIN	15	96.2	46	18	36	.500	2	6	.333	8	8	1	5	20	25	5	4	6	3	10
Davion Mitchell	SAC	80	1446.6	450	181	399	.454	63	197	.320	25	31	.806	16	89	105	185	44	15	62	112
Donovan Mitchell	CLE	68	2432.3	1922	679	1402	.484	245	635	.386	319	368	.867	63	226	289	301	99	27	180	168
Evan Mobley	CLE	79	2715.2	1277	525	947	.554	22	102	.216	205	304	.674	187	524	711	224	60	119	146	218
Isaiah Mobley	CLE	12	84.2	31	12	28	.429	3	8	.375	4	4	1	4	16	20	3	4	3	1	8
Chima Moneke	SAC	2	7.9	2	1	2	.500	0	0	0	0	2	0	2	0	2	1	0	0	2	2
Malik Monk	SAC	77	1719.1	1041	357	796	.448	143	398	.359	184	207	.889	32	171	203	298	49	20	146	125
Moses Moody	GSW	63	817.0	302	108	227	.476	49	135	.363	37	53	.698	28	77	105	51	18	7	34	54
Xavier Moon	LAC	4	19.6	7	3	9	.333	1	3	.333	0	0	0	0	3	3	5	0	0	1	2
Wendell Moore Jr.	MIN	29	152.7	42	18	43	.419	2	17	.118	4	5	.800	4	14	18	18	8	5	8	13
Ja Morant	MEM	61	1948.4	1596	566	1214	.466	92	300	.307	372	497	.748	61	296	357	493	66	16	206	100
Marcus Morris	LAC	65	1825.2	728	274	643	.426	112	308	.364	68	87	.782	29	229	258	114	42	21	56	136
Markieff Morris	DAL	35	355.1	132	47	115	.409	28	71	.394	10	10	1	13	58	71	31	9	5	18	48
Monte Morris	WAS	62	1695.8	636	247	515	.480	78	204	.382	64	77	.831	26	184	210	326	43	13	60	75
Trey Murphy III	NOP	79	2448.0	1148	387	800	.484	202	497	.406	172	190	.905	59	222	281	112	89	43	61	155
Dejounte Murray	ATL	74	2693.4	1515	612	1319	.464	133	387	.344	158	190	.832	53	336	389	448	112	19	160	106
Jamal Murray	DEN	65	2133.4	1298	473	1041	.454	172	432	.398	180	216	.833	48	209	257	400	66	16	145	103
Keegan Murray	SAC	80	2382.5	976	354	782	.453	206	501	.411	62	81	.765	89	282	371	98	61	42	60	162
Mike Muscala	BOS	63	945.0	383	131	292	.449	81	207	.391	40	52	.769	37	166	203	50	15	24	23	98
Svi Mykhailiuk	CHA	32	467.9	222	77	173	.445	42	99	.424	26	39	.667	15	38	53	53	15	4	24	23
Larry Nance Jr.	NOP	65	1381.2	441	186	305	.610	14	42	.333	55	79	.696	106	248	354	119	56	37	42	133
Andrew Nembhard	IND	75	2073.5	709	284	644	.441	92	263	.350	49	62	.790	35	164	199	341	70	13	126	179
Aaron Nesmith	IND	73	1816.4	738	252	590	.427	115	314	.366	119	142	.838	62	215	277	98	55	34	75	235
Raulzinho Neto	CLE	48	505.2	157	57	110	.518	12	42	.286	31	34	.912	10	36	46	79	17	4	24	49
Georges Niang	PHI	78	1511.9	637	222	502	.442	154	384	.401	39	45	.867	19	166	185	77	30	14	54	145
Daishen Nix	HOU	57	914.3	226	81	237	.342	40	140	.286	24	36	.667	18	80	98	132	31	7	86	59
Zeke Nnaji	DEN	53	727.8	277	110	196	.561	17	65	.262	40	62	.645	65	73	138	18	17	23	31	105
Nerlens Noel	BRK	17	194.7	35	13	36	.361	1	2	.500	8	12	.667	10	36	46	10	16	10	13	32
Jaylen Nowell	MIN	65	1251.8	704	280	625	.448	67	232	.289	77	99	.778	36	134	170	132	42	5	65	101
Frank Ntilikina	DAL	47	606.6	135	48	132	.364	17	67	.254	22	33	.667	7	55	62	58	16	7	29	65
Kendrick Nunn	WAS	70	963.8	496	191	450	.424	79	223	.354	35	41	.854	15	94	109	90	28	7	66	66
Jusuf Nurkic	POR	52	1391.5	694	262	505	.519	43	119	.361	127	192	.661	114	357	471	149	43	44	119	185
Jordan Nwora	IND	62	1187.6	542	194	445	.436	86	211	.408	68	86	.791	51	178	229	88	24	14	66	74
Royce ONeale	BRK	76	2409.0	671	229	593	.386	163	419	.389	50	69	.725	55	329	384	283	65	49	114	239
Chuma Okeke	ORL	27	518.0	128	43	122	.352	26	86	.302	16	21	.762	26	70	96	37	19	11	17	40
Josh Okogie	PHX	72	1350.5	529	162	414	.391	66	197	.335	139	192	.724	109	142	251	105	56	34	63	114
Onyeka Okongwu	ATL	80	1848.6	791	317	497	.638	4	13	.308	153	196	.781	217	359	576	81	56	107	81	251
Isaac Okoro	CLE	76	1652.6	490	175	354	.494	62	171	.363	78	103	.757	52	135	187	87	56	30	42	158
KZ Okpala	SAC	35	247.9	46	16	38	.421	7	21	.333	7	8	.875	7	27	34	13	7	7	7	39
Victor Oladipo	MIA	42	1106.0	449	160	403	.397	70	212	.330	59	79	.747	16	112	128	146	57	12	87	99
Kelly Olynyk	UTA	68	1941.7	847	278	557	.499	93	236	.394	198	232	.853	82	338	420	252	60	37	168	232
Eugene Omoruyi	DET	40	645.4	278	101	228	.443	25	89	.281	51	75	.680	43	68	111	28	28	3	34	91
Cedi Osman	CLE	77	1547.8	669	239	530	.451	116	312	.372	75	108	.694	25	151	176	115	35	11	52	122
Kelly Oubre Jr.	CHA	48	1547.5	972	353	819	.431	108	339	.319	158	208	.760	65	184	249	54	68	18	64	141
Chris Paul	PHX	59	1888.6	819	294	668	.440	98	261	.375	133	160	.831	27	224	251	524	91	22	114	126
Cameron Payne	PHX	48	968.4	493	188	453	.415	68	185	.368	49	64	.766	12	94	106	214	33	8	81	88
Gary Payton II	GSW	22	367.6	101	41	69	.594	13	26	.500	6	7	.857	24	45	69	30	22	5	16	43
Theo Pinson	DAL	40	322.9	95	31	87	.356	22	62	.355	11	13	.846	10	53	63	46	6	1	12	34
Scotty Pippen Jr.	LAL	6	31.5	14	4	12	.333	1	3	.333	5	9	.556	2	2	4	2	2	1	2	3
Mason Plumlee	LAC	79	2053.7	857	329	484	.680	0	0	0	199	313	.636	229	471	700	245	46	47	117	217
Jakob Poeltl	TOR	72	1905.7	897	389	618	.629	0	1	0	119	201	.592	236	417	653	197	66	86	125	195
Aleksej Pokusevski	OKC	34	701.4	276	108	249	.434	38	104	.365	22	35	.629	45	114	159	64	20	43	43	58
Jordan Poole	GSW	82	2458.3	1675	550	1278	.430	214	637	.336	361	415	.870	32	193	225	369	63	21	252	214
Kevin Porter Jr.	HOU	59	2024.6	113	391	884	.442	141	385	.366	207	264	.784	76	238	314	338	82	17	188	156
Michael Porter Jr.	DEN	62	1797.4	108	398	817	.487	188	454	.414	96	120	.800	64	277	341	65	37	29	68	119
Otto Porter	TOR	8	146.3	44	15	30	.500	6	17	.353	8	8	1	6	13	19	8	11	0	4	7
Bobby Portis	MIL	70	1818.6	987	398	803	.496	95	257	.370	96	125	.768	154	518	672	105	29	16	81	115
Kristaps Porzingis	WAS	65	2119.7	1505	507	1018	.498	137	356	.385	354	416	.851	114	432	546	174	58	100	137	196
Micah Potter	UTA	7	52.4	24	10	15	.667	4	7	.571	0	0	0	3	13	16	4	1	0	2	5
Dwight Powell	DAL	76	1458.8	506	197	269	.732	0	5	0	112	168	.667	149	165	314	69	48	26	65	209
Norman Powell	LAC	60	1566.6	1019	340	710	.479	114	287	.397	225	277	.812	24	151	175	109	50	18	101	125
Jason Preston	LAC	14	123.8	41	18	41	.439	5	18	.278	0	2	0	2	20	22	27	2	0	10	7
Joshua Primo	SAS	4	93.4	28	9	26	.346	3	12	.250	7	9	.778	2	11	13	18	1	2	11	8
Taurean Prince	MIN	54	1192.4	493	177	379	.467	74	194	.381	65	77	.844	15	117	132	84	28	15	69	123
Payton Pritchard	BOS	48	642.7	270	101	245	.412	56	154	.364	12	16	.750	25	63	88	64	14	1	40	37
Trevelin Queen	IND	7	70.0	21	7	29	.241	2	15	.133	5	5	1	8	9	17	6	2	5	7	4
Neemias Queta	SAC	5	28.7	12	6	9	.667	0	0	0	0	2	0	5	6	11	1	0	2	1	7
Immanuel Quickley	NYK	81	2344.0	1209	419	936	.448	168	454	.370	203	248	.819	58	279	337	279	80	14	100	166
Lester Quinones	GSW	4	18.1	10	2	5	.400	2	4	.500	4	6	.667	1	2	3	2	1	0	5	0
Julius Randle	NYK	77	2737.4	1936	658	1432	.459	218	636	.343	402	531	.757	141	626	767	316	49	21	216	233
Austin Reaves	LAL	64	1843.2	833	259	490	.529	86	216	.398	229	265	.864	33	160	193	215	33	19	99	108
Cam Reddish	POR	40	989.6	387	139	312	.446	45	144	.313	64	75	.853	18	70	88	57	39	14	47	72
Davon Reed	LAL	43	342.5	89	28	84	.333	17	46	.370	16	24	.667	10	49	59	23	15	4	20	39
Paul Reed Jr.	PHI	69	755.1	287	124	209	.593	1	6	.167	38	51	.745	112	150	262	27	46	51	45	123
Naz Reid	MIN	68	1250.9	781	310	577	.537	75	217	.346	86	127	.677	73	260	333	77	42	53	92	176
Jared Rhoden	DET	14	197.9	45	17	44	.386	5	20	.250	6	6	1	11	26	37	4	4	1	3	23
Nick Richards	CHA	65	1217.0	532	197	313	.629	1	1	1	137	183	.749	147	269	416	38	11	71	59	154
Josh Richardson	NOP	65	1530.6	654	239	554	.431	107	293	.365	69	81	.852	41	134	175	174	69	20	86	117
Austin Rivers	MIN	52	1016.3	255	91	209	.435	43	123	.350	30	39	.769	5	78	83	75	28	4	23	80
Duncan Robinson	MIA	42	691.0	268	88	237	.371	63	192	.328	29	32	.906	8	61	69	46	14	0	28	77
Mitchell Robinson	NYK	59	1591.2	435	188	280	.671	0	0	0	59	122	.484	267	288	555	53	56	109	41	160
Orlando Robinson	MIA	31	425.4	116	47	89	.528	0	6	0	22	31	.710	48	78	126	25	12	12	16	53
Jeremiah Robinson-Earl	OKC	43	813.8	292	110	248	.444	37	111	.333	35	42	.833	71	109	180	43	24	11	19	71
Isaiah Roby	SAS	42	474.1	172	67	155	.432	18	60	.300	20	41	.488	21	86	107	38	18	7	31	53
David Roddy	MEM	70	1258.4	466	180	420	.429	65	212	.307	41	65	.631	50	143	193	59	29	19	57	107
Ryan Rollins	GSW	12	62.1	23	7	20	.350	3	9	.333	6	6	1	3	9	12	6	1	1	16	10
Derrick Rose	NYK	27	338.3	152	61	159	.384	19	63	.302	11	12	.917	8	32	40	46	7	5	22	18
Terrence Ross	PHX	63	1330.5	522	200	465	.430	95	258	.368	27	34	.794	22	132	154	95	35	10	43	97
Terry Rozier	CHA	63	2221.0	1329	493	1188	.415	165	505	.327	178	220	.809	51	208	259	319	74	16	134	119
Ricky Rubio	CLE	33	566.1	171	61	178	.343	21	82	.256	28	35	.800	9	61	70	115	26	6	31	51
DAngelo Russell	LAL	71	2304.5	1263	445	948	.469	194	490	.396	179	216	.829	35	180	215	437	70	29	186	140
Matt Ryan	MIN	34	310.2	122	40	108	.370	32	84	.381	10	12	.833	4	22	26	16	5	1	7	27
Domantas Sabonis	SAC	79	2735.7	151	577	938	.615	31	83	.373	325	438	.742	251	722	973	573	65	39	230	279
Luka Samanic	UTA	7	160.8	69	26	57	.456	8	31	.258	9	13	.692	0	30	30	15	6	2	10	17
Dario Saric	OKC	57	805.9	362	127	277	.458	45	115	.391	63	76	.829	53	154	207	74	20	7	55	99
Olivier Sarr	OKC	9	113.7	36	15	30	.500	1	8	.125	5	7	.714	12	19	31	4	1	5	4	17
Jordan Schakel	WAS	2	6.2	3	1	2	.500	1	1	1	0	0	0	0	0	0	1	1	0	0	1
Admiral Schofield	ORL	37	451.2	155	55	122	.451	24	74	.324	21	23	.913	23	39	62	31	8	5	16	61
Dennis Schroder	LAL	66	1985.9	830	270	650	.415	74	225	.329	216	252	.857	21	144	165	298	50	10	112	145
Jay Scrubb	ORL	2	30.1	13	5	7	.714	2	2	1	1	2	.500	0	6	6	1	2	0	3	2
Dereon Seabron	NOP	5	11.6	4	2	5	.400	0	0	0	0	0	0	1	0	1	0	0	0	0	1
Alperen Sengun	HOU	75	2171.2	1109	442	799	.553	19	57	.333	206	288	.715	242	436	678	291	70	70	193	258
Collin Sexton	UTA	48	1145.1	685	237	468	.506	48	122	.393	163	199	.819	37	68	105	138	27	6	85	112
Landry Shamet	PHX	40	806.9	346	113	300	.377	75	199	.377	45	51	.882	11	56	67	93	26	5	36	61
DayRon Sharpe	BRK	48	552.6	227	93	171	.544	6	11	.545	35	55	.636	99	101	200	37	15	32	42	89
Shaedon Sharpe	POR	80	1778.6	789	306	648	.472	102	283	.360	75	105	.714	63	173	236	94	38	24	83	136
Pascal Siakam	TOR	71	2652.2	172	630	1313	.480	93	287	.324	367	474	.774	131	425	556	415	65	36	169	228
Chris Silva	DAL	1	3.0	2	1	1	1	0	0	0	0	0	0	0	0	0	0	0	0	1	2
Ben Simmons	BRK	42	1104.9	291	133	235	.566	0	2	0	25	57	.439	40	223	263	256	54	24	97	139
Kobi Simmons	CHA	5	27.8	5	1	6	.167	1	5	.200	2	2	1	1	3	4	5	0	2	1	0
Marko Simonovic	CHI	7	19.6	6	2	7	.286	1	4	.250	1	2	.500	1	1	2	0	0	0	0	5
Anfernee Simons	POR	62	2170.7	1306	467	1045	.447	212	562	.377	160	179	.894	18	143	161	253	42	14	128	142
Jericho Sims	NYK	52	812.4	178	83	107	.776	0	1	0	12	16	.750	99	143	242	25	15	28	27	96
Marcus Smart	BOS	61	1956.5	703	250	602	.415	115	342	.336	88	118	.746	46	145	191	382	93	23	143	172
Dennis Smith	CHA	54	1389.4	474	186	452	.412	24	111	.216	78	106	.736	27	140	167	261	75	25	82	122
Dru Smith	BRK	15	158.4	44	18	45	.400	5	19	.263	3	3	1	2	22	24	22	10	4	3	23
Ish Smith	DEN	43	397.9	108	52	131	.397	2	12	.167	2	4	.500	5	49	54	100	8	7	44	33
Jalen Smith	IND	68	1278.6	642	242	508	.476	54	191	.283	104	137	.759	129	265	394	66	21	60	72	153
Jabari Smith Jr.	HOU	79	2450.6	101	364	892	.408	120	391	.307	162	206	.786	122	447	569	101	43	74	104	227
Xavier Sneed	CHA	4	48.2	17	5	10	.500	3	6	.500	4	4	1	0	5	5	5	0	1	3	7
Jeremy Sochan	SAS	56	1457.6	614	250	552	.453	33	134	.246	81	116	.698	95	200	295	142	43	23	97	138
Jaden Springer	PHI	16	89.3	42	17	35	.486	2	5	.400	6	8	.750	6	8	14	8	7	3	3	15
Lamar Stevens	CLE	62	1120.4	328	129	288	.448	30	95	.316	40	57	.702	48	159	207	33	27	19	27	79
Isaiah Stewart II	DET	50	1414.0	567	195	441	.442	67	205	.327	110	149	.738	115	288	403	70	20	34	68	133
Max Strus	MIA	80	2271.5	923	324	790	.410	197	563	.350	78	89	.876	49	209	258	171	42	12	70	166
Jalen Suggs	ORL	53	1245.9	524	186	444	.419	66	202	.327	86	119	.723	55	106	161	155	67	27	94	120
Edmond Sumner	BRK	53	736.4	378	124	269	.461	31	87	.356	99	108	.917	13	66	79	68	31	10	50	83
Cole Swider	LAL	7	40.8	9	3	9	.333	3	8	.375	0	0	0	1	6	7	4	0	0	0	3
Jaesean Tate	HOU	31	677.5	283	110	229	.480	13	46	.283	50	69	.725	41	77	118	84	21	7	47	106
Jayson Tatum	BOS	74	2732.3	2225	727	1559	.466	240	686	.350	531	622	.854	78	571	649	342	78	51	213	160
Terry Taylor	CHI	31	263.4	89	39	75	.520	5	19	.263	6	11	.545	27	20	47	10	3	6	9	26
Garrett Temple	NOP	25	161.8	50	18	45	.400	11	26	.423	3	4	.750	5	12	17	13	9	2	4	15
Dalen Terry	CHI	38	213.9	85	32	72	.444	7	27	.259	14	21	.667	12	25	37	22	11	5	8	24
Daniel Theis	IND	7	108.8	49	21	44	.477	2	11	.182	5	12	.417	7	15	22	9	2	6	3	7
Cam Thomas	BRK	57	947.7	604	201	456	.441	51	133	.383	151	174	.868	8	87	95	78	20	7	63	55
Klay Thompson	GSW	69	2278.9	1509	546	1252	.436	301	731	.412	116	132	.879	39	247	286	163	49	29	123	130
J.T. Thor	CHA	69	968.8	262	95	238	.399	39	123	.317	33	47	.702	36	116	152	36	22	23	44	66
Matisse Thybulle	POR	71	1200.3	293	110	253	.435	54	148	.365	19	28	.679	40	100	140	53	83	32	24	113
Xavier Tillman Sr.	MEM	61	1180.1	429	188	306	.614	4	15	.267	49	89	.551	121	186	307	96	58	29	44	97
Isaiah Todd	WAS	6	61.4	9	3	19	.158	1	10	.100	2	2	1	2	10	12	4	1	0	2	4
Obi Toppin	NYK	67	1050.4	497	187	419	.446	85	247	.344	38	47	.809	29	158	187	66	23	12	38	68
Juan Toscano-Anderson	UTA	52	700.0	155	64	143	.448	8	43	.186	19	24	.792	28	96	124	65	16	10	34	80
Karl-Anthony Towns	MIN	29	957.1	602	212	428	.495	60	164	.366	118	135	.874	48	188	236	140	20	17	86	111
Gary Trent Jr.	TOR	66	2117.9	1148	405	935	.433	166	450	.369	172	205	.839	30	143	173	106	104	14	55	102
P.J. Tucker	PHI	75	1920.1	266	96	225	.427	55	140	.393	19	23	.826	95	200	295	60	39	15	44	180
Myles Turner	IND	62	1825.2	1113	402	733	.548	93	249	.373	216	276	.783	88	378	466	89	36	140	103	215
Stanley Umude	DET	1	2.1	2	0	1	0	0	1	0	2	2	1	0	0	0	0	1	1	0	0
Jonas Valanciunas	NOP	79	1968.2	1115	446	816	.547	38	109	.349	185	224	.826	225	579	804	140	20	52	159	245
Jarred Vanderbilt	LAL	78	1879.7	619	247	451	.548	29	90	.322	96	139	.691	170	412	582	184	83	21	97	190
Fred VanVleet	TOR	69	2534.7	1335	437	1112	.393	207	606	.342	254	283	.898	30	250	280	495	123	38	140	193
Devin Vassell	SAS	38	1178.1	703	261	595	.439	103	266	.387	78	100	.780	8	140	148	136	43	17	57	57
Gabe Vincent	MIA	68	1758.7	641	228	567	.402	117	350	.334	68	78	.872	27	118	145	167	62	5	92	154
Noah Vonleh	BOS	23	171.0	25	11	24	.458	1	4	.250	2	2	1	18	30	48	7	2	8	11	35
Nikola Vucevic	CHI	82	2746.1	1447	597	1148	.520	121	347	.349	132	158	.835	159	744	903	265	60	57	139	179
Dean Wade	CLE	44	891.5	206	73	177	.412	45	127	.354	15	23	.652	20	130	150	37	28	21	17	89
Franz Wagner	ORL	80	2609.3	1485	542	1118	.485	130	360	.361	271	322	.842	70	259	329	283	77	17	167	183
Moe Wagner	ORL	57	1109.5	600	198	396	.500	51	163	.313	153	182	.841	69	190	259	84	37	13	68	136
Ish Wainright	PHX	60	915.1	251	84	227	.370	57	173	.329	26	31	.839	45	94	139	53	38	22	22	117
Jabari Walker	POR	56	619.1	216	83	198	.419	16	56	.286	34	45	.756	48	83	131	34	10	13	29	69
Kemba Walker	DAL	9	143.9	72	24	57	.421	7	28	.250	17	21	.810	3	13	16	19	2	2	4	11
Lonnie Walker	LAL	56	1297.0	654	236	527	.448	91	249	.365	91	106	.858	14	95	109	64	30	17	46	71
John Wall	LAC	34	754.8	386	138	338	.408	33	109	.303	77	113	.681	14	78	92	178	27	12	80	59
T.J. Warren	PHX	42	687.3	314	132	270	.489	22	67	.328	28	35	.800	26	95	121	40	22	12	20	65
Duane Washington Jr.	PHX	31	393.9	244	94	256	.367	40	111	.360	16	24	.667	2	34	36	63	6	4	34	23
TyTy Washington Jr.	HOU	31	432.8	145	58	160	.363	19	80	.238	10	18	.556	2	43	45	47	15	2	14	29
P.J. Washington	CHA	73	2379.6	1144	434	978	.444	149	428	.348	127	174	.730	73	285	358	175	66	79	110	193
Yuta Watanabe	BRK	58	927.9	322	114	232	.491	60	135	.444	34	47	.723	30	111	141	48	25	17	22	80
Lindy Waters III	OKC	41	530.7	214	70	178	.393	58	162	.358	16	20	.800	16	59	75	28	14	11	10	42
Trendon Watford	POR	62	1181.6	459	181	323	.560	25	64	.391	72	100	.720	42	196	238	130	32	12	71	118
Peyton Watson	DEN	23	186.5	75	29	59	.492	6	14	.429	11	20	.550	8	29	37	11	2	11	8	14
Blake Wesley	SAS	37	669.1	184	69	215	.321	20	52	.385	26	44	.591	11	70	81	99	25	5	65	67
Russell Westbrook	LAC	73	2125.6	1159	432	991	.436	89	286	.311	206	314	.656	89	334	423	551	76	33	255	162
Coby White	CHI	74	1729.9	715	263	594	.443	128	344	.372	61	70	.871	16	196	212	204	54	6	74	122
Derrick White	BOS	82	2319.3	1017	350	758	.462	149	391	.381	168	192	.875	52	241	293	321	54	76	95	177
Jack White	DEN	17	66.0	21	8	19	.421	3	9	.333	2	3	.667	6	11	17	4	3	2	2	9
Joe Wieskamp	TOR	9	49.7	9	3	14	.214	3	12	.250	0	0	0	0	4	4	3	0	0	1	3
Aaron Wiggins	OKC	70	1297.5	479	186	363	.512	48	122	.393	59	71	.831	68	142	210	80	39	15	55	110
Andrew Wiggins	GSW	37	1190.3	633	250	529	.473	89	225	.396	44	72	.611	61	125	186	85	45	28	48	107
Lindell Wigginton	MIL	7	86.6	50	18	37	.486	6	18	.333	8	9	.889	0	7	7	14	0	2	12	7
Alondes Williams	BRK	1	5.3	0	0	0	0	0	0	0	0	0	0	0	1	1	0	0	0	2	1
Donovan Williams	ATL	2	4.3	4	2	5	.400	0	2	0	0	0	0	0	2	2	0	0	0	0	0
Grant Williams	BOS	79	2044.7	641	216	476	.454	115	291	.395	94	122	.770	87	276	363	131	41	31	82	192
Jalen Williams	OKC	75	2275.6	1056	414	794	.521	73	205	.356	155	191	.812	84	253	337	248	103	35	123	191
Jaylin Williams	OKC	49	914.3	288	102	234	.436	46	113	.407	38	54	.704	44	197	241	76	28	12	37	111
Nate Williams Jr.	POR	5	126.6	53	24	39	.615	3	8	.375	2	3	.667	10	5	15	10	3	2	4	13
Vincent Williams Jr.	MEM	15	104.6	30	12	40	.300	4	28	.143	2	2	1	4	11	15	4	6	2	5	12
Kenrich Williams	OKC	53	1206.2	425	179	346	.517	50	134	.373	17	39	.436	97	164	261	105	45	14	32	112
Mark Williams	CHA	43	828.0	387	160	251	.637	0	0	0	67	97	.691	93	211	304	18	28	45	40	94
Patrick Williams	CHI	82	2322.4	833	314	677	.464	115	277	.415	90	105	.857	78	249	327	100	72	70	101	147
Robert Williams	BOS	35	823.8	279	127	170	.747	0	1	0	25	41	.610	104	188	292	50	22	48	34	68
Ziaire Williams	MEM	37	560.7	210	84	196	.429	25	97	.258	17	22	.773	16	63	79	35	14	6	37	58
Zion Williamson	NOP	29	956.2	754	285	469	.608	7	19	.368	177	248	.714	58	144	202	133	32	16	99	65
Dylan Windler	CLE	3	10.4	5	2	3	.667	1	2	.500	0	0	0	0	0	0	1	1	0	1	0
Justise Winslow	POR	29	775.8	196	81	198	.409	14	45	.311	20	28	.714	49	96	145	98	30	11	43	89
James Wiseman	DET	45	867.3	450	189	339	.558	4	20	.200	68	97	.701	73	194	267	30	7	27	51	108
Christian Wood	DAL	67	1738.6	1114	396	769	.515	105	279	.376	217	281	.772	87	404	491	121	30	72	121	169
McKinley Wright IV	DAL	27	335.0	114	46	98	.469	9	28	.321	13	19	.684	9	38	47	58	8	5	19	24
Delon Wright	WAS	50	1221.2	369	138	291	.474	41	119	.345	52	60	.867	58	122	180	194	92	17	44	59
Gabe York	IND	3	55.8	24	8	21	.381	6	18	.333	2	2	1	0	6	6	5	2	0	0	5
Thaddeus Young	TOR	54	795.4	240	108	198	.545	6	34	.176	18	26	.692	71	95	166	75	54	5	42	88
Trae Young	ATL	73	2540.9	1914	597	139	.429	154	460	.335	566	639	.886	56	161	217	741	80	9	300	104
Omer Yurtseven	MIA	9	83.2	40	16	27	.593	3	7	.429	5	6	.833	8	15	23	2	2	2	4	16
Cody Zeller	MIA	15	216.6	98	37	59	.627	0	2	0	24	35	.686	25	39	64	10	3	4	14	33
Ivica Zubac	LAC	76	2169.6	818	326	514	.634	0	2	0	166	238	.697	236	520	756	77	29	98	117	219
